Hillop 23576 29 17804 2 1955 15 408 1
Circle 78041 91 992592 2 1938 63 429 1
Park 52793 77 375655 2 1945 87 178 0
Trail 34793 55 306082 1 0
Terrace 47241 16 364600 1 1
Drive 50046 91 600208 1 0
Court 66947 48 565605 1 1
Lane 40062 43 906350 1 1
Circle 47367 73 591064 1 0
Junction 9821 100 337564 1 0
Pass 58686 92 190090 2 1933 89 190 0
Street 7686 68 496558 2 1991 66 623 0
Trail 2349 28 160068 2 2014 28 514 1
Trail 73076 53 175058 2 2020 12 284 1
Alley 42570 26 263684 2 1976 14 999 0
Alley 18026 8 688218 2 1922 96 895 0
Crossing 87645 26 875527 2 1929 28 149 0
Parkway 61732 25 873195 2 1932 89 587 1
Hill 25980 76 764547 2 2009 89 679 1
Avenue 42335 99 374440 2 1905 72 171 0
Park 67985 8 76710 2 1940 32 480 0
Crossing 42240 20 399184 2 2013 18 534 1
Lane 53644 33 197699 2 1927 70 983 0
Plaza 98756 54 737819 2 1910 97 229 1
Parkway 5513 52 368837 2 1968 86 271 1
Street 87623 29 547417 2 2020 21 826 1
Hill 62705 28 123808 2 1933 25 370 0
Road 33396 99 651155 2 1974 66 645 1
Junction 57298 94 184725 2 1903 91 890 1
Drive 31740 96 548341 2 1905 81 22 1
Place 66959 48 896011 2 1963 24 540 0
Street 64679 23 70208 2 1900 44 630 0
Point 25522 57 672892 1 0
Lane 79727 13 12106 1 1
Road 86615 30 210486 1 1
Center 84794 73 894998 1 1
Lane 89922 25 95159 1 1
Circle 10833 49 518694 1 1
Trail 85620 46 453338 1 0
Plaza 86384 98 279452 1 0
Drive 56674 65 408615 1 1
Parkway 64682 95 984587 1 0
Street 93195 93 180032 1 0
Junction 78659 73 660366 1 0
Center 14543 49 90769 1 1
Way 32194 56 486831 1 1
Road 71624 12 529661 1 0
Pass 31734 20 636131 1 1
Trail 13196 17 68948 1 1
Avenue 25765 45 86843 1 0
Point 23921 83 700685 1 1
Point 78427 24 720234 1 1
Plaza 93492 34 77068 1 0
Avenue 57787 91 300637 1 1
Road 50424 65 334921 1 1
Crossing 11107 14 297214 1 1
Drive 25385 5 377588 1 0
Alley 32956 54 131436 1 1
Center 66187 7 705734 1 1
Pass 89835 27 162613 1 1