Hillop 23576 29 17804 2 1955 15 408 1
Circle 78041 91 992592 2 1938 63 429 1
Park 52793 77 375655 2 1945 87 178 0
Trail 34793 55 306082 1 0
Terrace 47241 16 364600 1 1
Drive 50046 91 600208 1 0
Court 66947 48 565605 1 1
Lane 40062 43 906350 1 1
Circle 47367 73 591064 1 0
Junction 9821 100 337564 1 0
Pass 58686 92 190090 2 1933 89 190 0
Street 7686 68 496558 2 1991 66 623 0
Trail 2349 28 160068 2 2014 28 514 1
Trail 73076 53 175058 2 2020 12 284 1
Alley 42570 26 263684 2 1976 14 999 0
Alley 18026 8 688218 2 1922 96 895 0
Crossing 87645 26 875527 2 1929 28 149 0
Parkway 61732 25 873195 2 1932 89 587 1
Hill 25980 76 764547 2 2009 89 679 1
Avenue 42335 99 374440 2 1905 72 171 0
Park 67985 8 76710 2 1940 32 480 0
Crossing 42240 20 399184 2 2013 18 534 1
Lane 53644 33 197699 2 1927 70 983 0
Plaza 98756 54 737819 2 1910 97 229 1
Parkway 5513 52 368837 2 1968 86 271 1
Street 87623 29 547417 2 2020 21 826 1
Hill 62705 28 123808 2 1933 25 370 0
Road 33396 99 651155 2 1974 66 645 1
Junction 57298 94 184725 2 1903 91 890 1
Drive 31740 96 548341 2 1905 81 22 1
Place 66959 48 896011 2 1963 24 540 0
Street 64679 23 70208 2 1900 44 630 0
Point 25522 57 672892 1 0
Lane 79727 13 12106 1 1
Road 86615 30 210486 1 1
Center 84794 73 894998 1 1
Lane 89922 25 95159 1 1
Circle 10833 49 518694 1 1
Trail 85620 46 453338 1 0
Plaza 86384 98 279452 1 0
Drive 56674 65 408615 1 1
Parkway 64682 95 984587 1 0
Street 93195 93 180032 1 0
Junction 78659 73 660366 1 0
Center 14543 49 90769 1 1
Way 32194 56 486831 1 1
Road 71624 12 529661 1 0
Pass 31734 20 636131 1 1
Trail 13196 17 68948 1 1
Avenue 25765 45 86843 1 0
Point 23921 83 700685 1 1
Point 78427 24 720234 1 1
Plaza 93492 34 77068 1 0
Avenue 57787 91 300637 1 1
Road 50424 65 334921 1 1
Crossing 11107 14 297214 1 1
Drive 25385 5 377588 1 0
Alley 32956 54 131436 1 1
Center 66187 7 705734 1 1
Pass 89835 27 162613 1 1
Crossing 14457 7 255352 1 1
Circle 13863 51 339507 1 0
Point 75456 81 990790 1 0
Trail 31724 99 268109 1 0
Park 65679 2 664487 1 1
Avenue 94516 14 38124 1 0
Terrace 6344 97 517928 1 0
Place 55043 50 280281 1 0
Hill 46919 51 53634 1 0
Trail 54528 42 311492 1 1
Street 5877 70 879857 1 1
Alley 34114 63 659247 1 0
Center 12416 99 718931 1 1
Avenue 83144 64 979257 1 0
Park 20989 34 752928 1 1
Road 649 98 564113 1 1
Pass 81374 37 791151 1 0
Plaza 52144 43 302790 1 1
Pass 85873 79 316423 1 0
Center 5822 15 206573 2 1902 65 920 0
Junction 65094 11 624248 2 1944 42 918 1
Court 81658 34 558988 2 1972 10 622 0
Center 75959 27 467645 2 1925 50 803 0
Crossing 46526 55 101690 2 1955 7 247 1
Drive 85494 99 531949 2 2010 99 269 1
Circle 30637 79 956452 2 1950 90 474 0
Avenue 66392 98 998357 2 1995 55 306 0
Trail 46645 100 849593 2 1913 46 190 1
Trail 27407 34 947961 2 1966 73 212 0
Circle 48228 12 187853 2 1903 77 880 1
Parkway 59391 98 687103 2 1923 100 932 0
Way 81922 14 363783 2 2007 21 280 1
Trail 9734 46 245904 2 2010 98 775 0
Center 71103 77 364283 2 1952 43 755 0
Circle 44399 36 754362 2 1905 88 79 0
Trail 64660 85 981164 2 1930 43 571 0
Drive 58302 23 455040 2 1908 6 616 1
Court 87078 100 377453 2 1954 27 513 0
Hill 73362 9 783976 2 1928 70 785 0
Hill 34571 98 780646 2 1919 39 413 1
Way 13340 7 325245 1 0
Park 64378 50 862530 1 0
Point 92460 67 223636 1 0
Hill 31665 3 452529 1 1
Hill 82562 52 750391 1 1
Way 3882 86 68296 1 1
Center 145 79 421244 2 1941 68 688 0
Junction 57808 89 796782 2 1927 26 748 0
Pass 84414 45 471052 2 1989 44 662 1
Lane 46746 95 705450 2 1948 14 444 0
Alley 47196 62 948177 2 2013 1 267 0
Trail 39494 95 31721 2 2006 28 227 0
Junction 47254 23 495365 2 1948 1 840 1
Avenue 12321 17 91672 2 1922 63 660 0
Hill 97463 45 578291 2 1939 11 224 1
Parkway 25241 20 77490 2 1933 62 277 1
Street 41520 41 878751 2 1903 1 515 1
Road 50894 58 568751 2 1924 37 194 1
Drive 79290 4 286465 2 1993 32 800 1
Terrace 4122 78 91407 2 1984 80 443 0